> 
> className = "com.vertica.jdbc.Driver"
> classPath = "vertica-jdbc-7.2.3-0.jar"
> jdbcConnectionString = "jdbc:vertica://node1/gamma"
> userName = "vertica"
> password = ""
> tableName = "kddnet"
> d = 9
> drv <- JDBC(className, classPath, identifier.quote="`")
> conn <- dbConnect(drv, jdbcConnectionString, userName, password)
> Gamma = DenseGamma(tableName, d+1)
> Gamma
          [,1]     [,2]    [,3]     [,4] [,5]     [,6]     [,7]     [,8]   [,9]  [,10]    [,11]
 [1,] 1.00e+06 2.17e+05    1616 1.52e+05    2 9.54e+07 3.64e+09 2.08e+09    626      7 2.32e+04
 [2,] 2.17e+05 2.17e+05    1506 1.51e+05    0 8.57e+07 4.59e+08 7.26e+08      0      5 1.93e+04
 [3,] 1.62e+03 1.51e+03    1616 1.61e+03    0 1.49e+05 1.08e+06 3.08e+06      0      0 2.14e+04
 [4,] 1.52e+05 1.51e+05    1614 1.52e+05    0 3.42e+06 4.91e+08 7.09e+08      0      7 2.31e+04
 [5,] 2.00e+00 0.00e+00       0 0.00e+00    2 0.00e+00 0.00e+00 0.00e+00      0      0 0.00e+00
 [6,] 9.54e+07 8.57e+07  149241 3.42e+06    0 1.04e+12 6.53e+13 1.46e+13      0  16593 4.02e+06
 [7,] 3.64e+09 4.59e+08 1080512 4.91e+08    0 6.53e+13 2.23e+18 4.34e+13 100292   5259 1.13e+09
 [8,] 2.08e+09 7.26e+08 3081556 7.09e+08    0 1.46e+13 4.34e+13 1.72e+18      0 784426 8.46e+07
 [9,] 6.26e+02 0.00e+00       0 0.00e+00    0 0.00e+00 1.00e+05 0.00e+00   1760      0 0.00e+00
[10,] 7.00e+00 5.00e+00       0 7.00e+00    0 1.66e+04 5.26e+03 7.84e+05      0     11 2.00e+00
[11,] 2.32e+04 1.93e+04   21434 2.31e+04    0 4.02e+06 1.13e+09 8.46e+07      0      2 4.38e+05
>
> getPCA(Gamma, d+1)
$d
 [1] 1.956 1.659 1.049 1.000 1.000 1.000 1.000 0.962 0.195 0.180

$u
           [,1]     [,2]      [,3]      [,4]      [,5]      [,6]      [,7]      [,8]      [,9]     [,10]
 [1,] -0.494696  0.50976 -0.015542 -4.28e-03  0.001268 -0.006104  7.17e-03 -0.029052 -1.35e-01  0.689918
 [2,] -0.502805 -0.49594 -0.011427  7.48e-05 -0.000149  0.001004 -9.39e-06 -0.009657 -6.96e-01 -0.130904
 [3,] -0.503475  0.47831  0.144324 -1.58e-03  0.001486 -0.008242  5.92e-03  0.129452  1.46e-01 -0.677252
 [4,]  0.000765 -0.00095  0.000549 -5.37e-03 -0.970195 -0.227919  8.21e-02 -0.000746 -1.82e-05  0.000107
 [5,] -0.065966  0.09672 -0.735303 -9.96e-04  0.000157 -0.000801  5.44e-04 -0.648185  2.93e-02 -0.156898
 [6,] -0.003120  0.00504 -0.639388 -2.32e-01  0.011085 -0.074469 -8.00e-02  0.724639 -2.60e-03  0.008349
 [7,] -0.001475  0.00257 -0.160275  6.90e-01 -0.037195  0.351270  5.83e-01  0.180749 -5.03e-04  0.002335
 [8,]  0.008076 -0.01002  0.005803  1.06e-01  0.239167 -0.869805  4.18e-01 -0.007862 -1.92e-04  0.001131
 [9,] -0.004659  0.00571 -0.057579  6.77e-01 -0.003260 -0.249896 -6.87e-01  0.064613 -1.44e-03  0.002713
[10,] -0.494494 -0.50585 -0.016536  6.87e-04 -0.000175  0.000804 -1.08e-03 -0.012301  6.90e-01  0.153318

$v
           [,1]     [,2]      [,3]      [,4]      [,5]      [,6]      [,7]      [,8]      [,9]     [,10]
 [1,] -0.494696  0.50976 -0.015542 -4.28e-03  0.001268 -0.006104  7.17e-03 -0.029052 -1.35e-01  0.689918
 [2,] -0.502805 -0.49594 -0.011427  7.48e-05 -0.000149  0.001004 -9.39e-06 -0.009657 -6.96e-01 -0.130904
 [3,] -0.503475  0.47831  0.144324 -1.58e-03  0.001486 -0.008242  5.92e-03  0.129452  1.46e-01 -0.677252
 [4,]  0.000765 -0.00095  0.000549 -5.37e-03 -0.970195 -0.227919  8.21e-02 -0.000746 -1.82e-05  0.000107
 [5,] -0.065966  0.09672 -0.735303 -9.96e-04  0.000157 -0.000801  5.44e-04 -0.648185  2.93e-02 -0.156898
 [6,] -0.003120  0.00504 -0.639388 -2.32e-01  0.011085 -0.074469 -8.00e-02  0.724639 -2.60e-03  0.008349
 [7,] -0.001475  0.00257 -0.160275  6.90e-01 -0.037195  0.351270  5.83e-01  0.180749 -5.03e-04  0.002335
 [8,]  0.008076 -0.01002  0.005803  1.06e-01  0.239167 -0.869805  4.18e-01 -0.007862 -1.92e-04  0.001131
 [9,] -0.004659  0.00571 -0.057579  6.77e-01 -0.003260 -0.249896 -6.87e-01  0.064613 -1.44e-03  0.002713
[10,] -0.494494 -0.50585 -0.016536  6.87e-04 -0.000175  0.000804 -1.08e-03 -0.012301  6.90e-01  0.153318

> getLR(Gamma, d)
         [,1]
[1,] 2.30e-02
[2,] 1.74e-06
[3,] 4.16e-10
[4,] 6.62e-12
>
> k = 4
> iterMax = 50
> getKMeans(tableName, d, k, iterMax)
$W
     [,1]  
[1,] 0.0701
[2,] 0.0401
[3,] 0.0405
[4,] 0.8493

$C
     [,1]     [,2]     [,3]     [,4]     [,5]     [,6]     [,7]     [,8]     [,9]     [,10]   
[1,] 1.11e-34 3.13e-35 1.83e-33 1.24e-34 1.75e-33 6.53e-36 1.01e-34 1.82e-34 1.73e-34 5.42e-34
[2,] 1.10e-34 4.97e-35 3.81e-34 7.18e-35 8.06e-35 3.54e-33 1.11e-34 5.30e-35 3.49e-34 2.03e-34
[3,] 1.34e-34 3.61e-33 5.01e-35 3.35e-35 3.78e-34 1.98e-34 9.32e-35 1.48e-34 9.52e-34 5.31e-35
[4,] 1.61e-34 2.28e-39 3.52e-36 1.58e-34 1.11e-36 8.02e-37 1.63e-34 1.49e-34 1.08e-34 1.18e-34

$R
     [,1]     [,2]     [,3]     [,4]     [,5]     [,6]     [,7]     [,8]     [,9]     [,10]   
[1,] 4.35e-67 8.48e-68 3.36e-66 4.20e-67 3.35e-66 2.00e-68 3.49e-67 6.53e-67 6.48e-67 1.75e-66
[2,] 3.47e-67 1.40e-67 1.31e-66 2.25e-67 2.52e-67 4.46e-67 4.31e-67 1.49e-67 1.17e-66 7.22e-67
[3,] 4.24e-67 4.71e-67 1.54e-67 8.99e-68 1.35e-66 7.14e-67 2.94e-67 5.95e-67 2.71e-66 1.77e-67
[4,] 5.66e-67 1.22e-76 9.55e-69 5.61e-67 3.44e-69 2.17e-69 5.87e-67 5.23e-67 3.71e-67 4.15e-67
> 
> system.time(Gamma <- DenseGamma(tableName, d+1))[3]
elapsed 
   2.63 
>
> className = "org.postgresql.Driver"
> classPath = "postgresql-9.4.1208.jar"
> jdbcConnectionString = "jdbc:postgresql://node1/gamma"
> drv <- JDBC(className, classPath, identifier.quote="`")
> conn <- dbConnect(drv, jdbcConnectionString, userName, password)
> system.time(Gamma <- DenseGamma(tableName, d+1, postgresql = TRUE))[3]
elapsed 
   89.6
>
> sc <- sparkR.init(master = "local[1]", sparkEnvir = list(spark.executor.memory="4g"), sparkJars=c("gammaspark_2.10-1.0.jar"))
Launching java with spark-submit command /usr/local/spark/bin/spark-submit --jars /home/hadoop/gamma-spark/gammaspark_2.10-1.0.jar  sparkr-shell /tmp/RtmpmJEmmV/backend_portc29ed25b14 
> filePath="hdfs://node1:54310/j-gamma/demo.csv"
> system.time(Gamma <- getGammaUsingSpark(sc, filePath))[3]
elapsed 
   4.045 
